181602314
161787034
127891221
254872053
245283815
180049883
400565127
212052196
143053535
199263149
192573762
206781901
193389579
158911495
281373719
227156794
622164036
187520602
88065212
263186290
152568701
249905231
194492086
180231126
172580971
150287927
305892286
139032330
459787425
180321967
354366410
209587901
168352691
233129151
210711790
243041274
190715699
236092567
265599594
188129449
166274326
210937839
501273325
146376763
139234636
271834004
160578310
154639646
254702016
164313851
223920238
323082358
171765796
171081585
189192202
125719273
140151561
215287350
170704457
184794404
172978869
217218043
251485304
226618582
183156902
237223719
194298671
157361633
162835370
97279464
113676638
109872055
240240286
150137607
403611938
172368226
222777618
145749582
270922554
288396068
504304995
191559330
187048632
613010550
179786616
142517333
297617948
326167914
153493552
212989184
191308376
172580971
88065212
152377475
139032330
305892286
206781901
281373719
449501563
171430481
154912399
191308376
192550921
153583227
196776673
140467687
356898723
356386291
150681598
163717116
151958306
206844475
99850005
142517333
150753295
151238639
449501563
225712225
58908840
170104914
174595803
159324047
299527428
158857126
238861690
225599233
118373894
152118812